NUM_OF_TRIANGLES 12

// Geometry format = position (x y z), texture (u v), normal (x,y,z)

// Right face
 0.5, -0.5, -0.5,	0.0, 1.0,	 1.0,  0.0,  0.0
 0.5,  0.5,  0.5,	1.0, 0.0,	 1.0,  0.0,  0.0
 0.5,  0.5, -0.5,	0.0, 0.0,	 1.0,  0.0,  0.0
								 	   		 
 0.5,  0.5,  0.5,	1.0, 0.0,	 1.0,  0.0,  0.0
 0.5, -0.5, -0.5,	0.0, 1.0,	 1.0,  0.0,  0.0
 0.5, -0.5,  0.5,	1.0, 1.0,	 1.0,  0.0,  0.0
								 	   		 
// Front face					 	   		 
-0.5, -0.5, -0.5,	0.0, 1.0,	 0.0,  0.0, -1.0
 0.5,  0.5, -0.5,	1.0, 0.0,	 0.0,  0.0, -1.0
-0.5,  0.5, -0.5,	0.0, 0.0,	 0.0,  0.0, -1.0
								 	   		 
 0.5,  0.5, -0.5,	1.0, 0.0,	 0.0,  0.0, -1.0
-0.5, -0.5, -0.5,	0.0, 1.0,	 0.0,  0.0, -1.0
 0.5, -0.5, -0.5,	1.0, 1.0,	 0.0,  0.0, -1.0

// Left face
-0.5, -0.5,  0.5,	0.0, 1.0,	-1.0,  0.0,  0.0
-0.5,  0.5, -0.5,	1.0, 0.0,	-1.0,  0.0,  0.0
-0.5,  0.5,  0.5,	0.0, 0.0,	-1.0,  0.0,  0.0
								 	   		 
-0.5,  0.5, -0.5,	1.0, 0.0,	-1.0,  0.0,  0.0
-0.5, -0.5,  0.5,	0.0, 1.0,	-1.0,  0.0,  0.0
-0.5, -0.5, -0.5,	1.0, 1.0,	-1.0,  0.0,  0.0

// Back face
 0.5, -0.5,  0.5,	0.0, 1.0,	 0.0,  0.0,  1.0
-0.5,  0.5,  0.5,	1.0, 0.0,	 0.0,  0.0,  1.0
 0.5,  0.5,  0.5,	0.0, 0.0,	 0.0,  0.0,  1.0
								 	   		 
-0.5,  0.5,  0.5,	1.0, 0.0,	 0.0,  0.0,  1.0
 0.5, -0.5,  0.5,	0.0, 1.0,	 0.0,  0.0,  1.0
-0.5, -0.5,  0.5,	1.0, 1.0,	 0.0,  0.0,  1.0

// Top face
-0.5,  0.5, -0.5,	0.0, 1.0,	 0.0,  1.0,  0.0
 0.5,  0.5,  0.5,	1.0, 0.0,	 0.0,  1.0,  0.0
-0.5,  0.5,  0.5,	0.0, 0.0,	 0.0,  1.0,  0.0
								 	   		 
 0.5,  0.5,  0.5,	1.0, 0.0,	 0.0,  1.0,  0.0
-0.5,  0.5, -0.5,	0.0, 1.0,	 0.0,  1.0,  0.0
 0.5,  0.5, -0.5,	1.0, 1.0,	 0.0,  1.0,  0.0

// Bottom face
-0.5, -0.5,  0.5,	0.0, 1.0,	 0.0, -1.0,  0.0
 0.5, -0.5, -0.5,	1.0, 0.0,	 0.0, -1.0,  0.0
-0.5, -0.5, -0.5,	0.0, 0.0,	 0.0, -1.0,  0.0
								 	   		 
 0.5, -0.5, -0.5,	1.0, 0.0,	 0.0, -1.0,  0.0
-0.5, -0.5,  0.5,	0.0, 1.0,	 0.0, -1.0,  0.0
 0.5, -0.5,  0.5,	1.0, 1.0,	 0.0, -1.0,  0.0