NUM_OF_TRIANGLES 12

// Geometry format = position (x y z), texture (u v), normal (x,y,z)

// Right face
 100.5, -100.5,  100.5,		0.75, 0.66,	 -1.0,  0.0,  0.0
 100.5,  100.5, -100.5,		0.5, 0.34,	 -1.0,  0.0,  0.0
 100.5,  100.5,  100.5,		0.75, 0.34,	 -1.0,  0.0,  0.0
								 	   		 
 100.5,  100.5, -100.5,		0.5, 0.34,	 -1.0,  0.0,  0.0
 100.5, -100.5,  100.5,		0.75, 0.66,	 -1.0,  0.0,  0.0
 100.5, -100.5, -100.5,		0.5, 0.66,	 -1.0,  0.0,  0.0
								 	   		 
// Front face					 	   		 
 100.5, -100.5, -100.5,		0.5, 0.66,	 0.0,  0.0, 1.0
-100.5,  100.5, -100.5,		0.25, 0.34,	 0.0,  0.0, 1.0
 100.5,  100.5, -100.5,		0.5, 0.34,	 0.0,  0.0, 1.0
								 	   		 
-100.5,  100.5, -100.5,		0.25, 0.34,	 0.0,  0.0, 1.0
 100.5, -100.5, -100.5,		0.5, 0.66,	 0.0,  0.0, 1.0
-100.5, -100.5, -100.5,		0.25, 0.66,	 0.0,  0.0, 1.0

// Left face
-100.5, -100.5, -100.5,		0.25, 0.66,	1.0,  0.0,  0.0
-100.5,  100.5,  100.5,		0.0, 0.34,	1.0,  0.0,  0.0
-100.5,  100.5, -100.5,		0.25, 0.34,	1.0,  0.0,  0.0
								 	   		 
-100.5,  100.5,  100.5,		0.0, 0.34,	1.0,  0.0,  0.0
-100.5, -100.5, -100.5,		0.25, 0.66,	1.0,  0.0,  0.0
-100.5, -100.5,  100.5,		0.0, 0.66,	1.0,  0.0,  0.0

// Back face
-100.5, -100.5,  100.5,		1.0, 0.66,	 0.0,  0.0,  -1.0
 100.5,  100.5,  100.5,		0.75, 0.34,	 0.0,  0.0,  -1.0
-100.5,  100.5,  100.5,		1.0, 0.34,	 0.0,  0.0,  -1.0
								 	   		 
 100.5,  100.5,  100.5,		0.75, 0.34,	 0.0,  0.0,  -1.0
-100.5, -100.5,  100.5,		1.0, 0.66,	 0.0,  0.0,  -1.0
 100.5, -100.5,  100.5,		0.75, 0.66,	 0.0,  0.0,  -1.0

// Top face
-100.5,  100.5,  100.5,		0.25, 0.0,	 0.0,  -1.0,  0.0
 100.5,  100.5, -100.5,		0.5, 0.34,	 0.0,  -1.0,  0.0
-100.5,  100.5, -100.5,		0.25, 0.34,	 0.0,  -1.0,  0.0
								 	   		 
 100.5,  100.5, -100.5,		0.5, 0.34,	 0.0,  -1.0,  0.0
-100.5,  100.5,  100.5,		0.25, 0.0,	 0.0,  -1.0,  0.0
 100.5,  100.5,  100.5,		0.5, 0.0,	 0.0,  -1.0,  0.0

// Bottom face
-100.5, -100.5, -100.5,		0.25, 1.0,	 0.0, 1.0,  0.0
 100.5, -100.5,  100.5,		0.5, 0.67,	 0.0, 1.0,  0.0
-100.5, -100.5,  100.5,		0.25, 0.67,	 0.0, 1.0,  0.0
								 	   		 
 100.5, -100.5,  100.5,		0.5, 0.67,	 0.0, 1.0,  0.0
-100.5, -100.5, -100.5,		0.25, 1.0,	 0.0, 1.0,  0.0
 100.5, -100.5, -100.5,		0.5, 1.0,	 0.0, 1.0,  0.0